decile,positives,count,rate,cum_positives,cum_rate
9,79,80,0.9875,79,0.09875
8,70,80,0.875,149,0.18625
7,10,80,0.125,159,0.19875
6,7,80,0.0875,166,0.2075
5,3,80,0.0375,169,0.21125
4,5,80,0.0625,174,0.2175
3,4,80,0.05,178,0.2225
2,6,80,0.075,184,0.23
1,3,80,0.0375,187,0.23375
0,5,80,0.0625,192,0.24
